-26
-20
-24
-26
-24
-17
-3
17
44
78
117
157
197
231
256
267
261
234
186
117
31
-69
-173
-274
-362
-426
-458
-450
-398
-301
-163
8
200
396
578
727
824
854
806
676
466
187
-140
-491
-834
-1135
-1361
-1481
-1473
-1322
-1028
-602
-71
526
1139
1712
2185
2501
2612
2484
2100
1464
607
-420
-1541
-2665
-3686
-4495
-4985
-5060
-4645
-3691
-2182
-139
2382
5288
8456
11739
14975
17996
20641
22767
24254
25019
25019
24254
22767
20641
17996
14975
11739
8456
5288
2382
-139
-2182
-3691
-4645
-5060
-4985
-4495
-3686
-2665
-1541
-420
607
1464
2100
2484
2612
2501
2185
1712
1139
526
-71
-602
-1028
-1322
-1473
-1481
-1361
-1135
-834
-491
-140
187
466
676
806
854
824
727
578
396
200
8
-163
-301
-398
-450
-458
-426
-362
-274
-173
-69
31
117
186
234
261
267
256
231
197
157
117
78
44
17
-3
-17
-24
-26
-24
-20
-26
