-1
-2
-3
-3
-3
-3
-2
-1
2
5
9
13
17
22
25
28
28
26
22
14
3
-10
-26
-42
-59
-73
-84
-91
-90
-82
-66
-41
-9
30
72
114
153
184
203
208
194
161
108
39
-44
-134
-225
-307
-372
-412
-419
-389
-319
-210
-69
97
275
449
602
717
779
775
697
542
316
31
-292
-628
-946
-1213
-1395
-1464
-1395
-1174
-798
-276
367
1096
1863
2612
3284
3817
4156
4255
4083
3625
2890
1906
722
-594
-1959
-3283
-4471
-5433
-6093
-6390
-6289
-5779
-4882
-3647
-2148
-483
1239
2898
4377
5572
6395
6784
6708
6169
5203
3876
2283
534
-1244
-2927
-4396
-5548
-6305
-6618
-6470
-5878
-4891
-3585
-2059
-423
1206
2714
4000
4983
5604
5832
5665
5130
4277
3177
1912
574
-747
-1965
-3008
-3820
-4362
-4617
-4586
-4287
-3756
-3037
-2183
-1248
-288
647
1510
2265
2881
3338
3623
3729
3657
3414
3011
2464
1793
1023
186
-685
-1550
-2369
-3095
-3687
-4102
-4306
-4272
-3985
-3444
-2666
-1682
-542
689
1937
3119
4153
4958
5468
5631
5420
4830
3887
2642
1170
-432
-2055
-3583
-4902
-5912
-6529
-6700
-6399
-5638
-4463
-2949
-1202
656
2491
4168
5563
6573
7120
7161
6692
5744
4386
2716
857
-1056
-2885
-4497
-5777
-6637
-7019
-6901
-6301
-5268
-3884
-2254
-501
1250
2874
4260
5318
5984
6224
6035
5447
4514
3313
1938
488
-936
-2242
-3348
-4194
-4739
-4965
-4876
-4496
-3867
-3040
-2079
-1046
-6
984
1875
2626
3209
3605
3807
3815
3639
3294
2800
2180
1461
672
-155
-987
-1789
-2525
-3157
-3650
-3972
-4095
-3999
-3675
-3123
-2361
-1419
-342
812
1975
3072
4027
4768
5232
5372
5160
4593
3691
2502
1095
-439
-1997
-3470
-4748
-5733
-6345
-6527
-6254
-5532
-4402
-2936
-1234
587
2395
4059
5456
6480
7052
7125
6690
5775
4444
2793
940
-980
-2827
-4467
-5783
-6680
-7098
-7009
-6427
-5398
-4003
-2348
-556
1243
2921
4361
5468
6170
6431
6245
5639
4669
3414
1972
448
-1050
-2423
-3584
-4466
-5024
-5238
-5113
-4675
-3970
-3056
-2004
-885
231
1278
2201
2958
3518
3864
3994
3914
3640
3196
2611
1915
1142
326
-499
-1301
-2046
-2704
-3244
-3638
-3863
-3900
-3735
-3364
-2794
-2041
-1134
-116
962
2038
3045
3915
4584
4993
5101
4882
4331
3467
2334
995
-466
-1954
-3363
-4591
-5544
-6142
-6330
-6081
-5397
-4316
-2902
-1251
525
2299
3942
5333
6365
6958
7061
6662
5783
4485
2858
1018
-899
-2757
-4419
-5764
-6696
-7149
-7091
-6531
-5513
-4115
-2443
-621
1220
2945
4435
5588
6329
6615
6438
5822
4823
3524
2023
432
-1137
-2576
-3793
-4715
-5292
-5503
-5350
-4863
-4089
-3095
-1955
-749
443
1551
2514
3284
3829
4135
4199
4035
3666
3123
2443
1667
834
-17
-848
-1626
-2320
-2904
-3353
-3648
-3774
-3719
-3479
-3055
-2458
-1708
-831
132
1135
2123
3038
3819
4409
4757
4825
4592
4051
3222
2142
871
-516
-1927
-3267
-4439
-5351
-5928
-6116
-5885
-5236
-4202
-2842
-1246
478
2210
3823
5199
6231
6838
6968
6603
5762
4500
2905
1089
-818
-2676
-4351
-5720
-6682
-7168
-7143
-6610
-5610
-4218
-2539
-695
1177
2944
4480
5678
6459
6775
6613
5996
4978
3642
2090
437
-1198
-2702
-3976
-4942
-5545
-5759
-5587
-5057
-4222
-3152
-1928
-637
634
1806
2812
3602
4139
4410
4415
4172
3711
3071
2297
1437
539
-352
-1195
-1957
-2606
-3121
-3483
-3680
-3706
-3557
-3237
-2754
-2124
-1368
-515
398
1330
2233
3054
3742
4248
4528
4549
4292
3755
2954
1924
719
-591
-1923
-3187
-4293
-5155
-5703
-5882
-5663
-5046
-4058
-2755
-1219
447
2127
3702
5053
6078
6693
6846
6514
5713
4493
2937
1151
-735
-2585
-4265
-5651
-6640
-7158
-7167
-6665
-5689
-4311
-2632
-776
1121
2923
4500
5742
6563
6911
6769
6157
5127
3762
2167
460
-1236
-2803
-4134
-5145
-5777
-6001
-5816
-5252
-4364
-3225
-1922
-550
798
2036
3090
3905
4442
4686
4641
4326
3778
3043
2176
1231
264
-674
-1538
-2291
-2904
-3356
-3636
-3738
-3662
-3416
-3011
-2462
-1791
-1022
-185
685
1550
2368
3094
3686
4101
4305
4271
3984
3443
2665
1681
541
-690
-1938
-3120
-4154
-4959
-5469
-5632
-5421
-4831
-3888
-2643
-1171
431
2054
3582
4901
5911
6528
6699
6398
5637
4462
2948
1201
-657
-2492
-4169
-5564
-6574
-7121
-7162
-6693
-5745
-4387
-2717
-858
1055
2884
4496
5776
6636
7018
6900
6300
5267
3883
2253
500
-1251
-2875
-4261
-5319
-5985
-6225
-6036
-5448
-4515
-3314
-1939
-489
935
2241
3347
4193
4738
4964
4875
4495
3866
3039
2078
1045
5
-985
-1876
-2627
-3210
-3606
-3808
-3816
-3640
-3295
-2801
-2181
-1462
-673
154
986
1788
2524
3156
3649
3971
4094
3998
3674
3122
2360
1418
341
-813
-1976
-3073
-4028
-4769
-5233
-5373
-5161
-4594
-3692
-2503
-1096
438
1996
3469
4747
5732
6344
6526
6253
5531
4401
2935
1233
-588
-2396
-4060
-5457
-6481
-7053
-7126
-6691
-5776
-4445
-2794
-941
979
2826
4466
5782
6679
7097
7008
6426
5397
4002
2347
555
-1244
-2922
-4362
-5469
-6171
-6432
-6246
-5640
-4670
-3415
-1973
-449
1049
2422
3583
4465
5023
5237
5112
4674
3969
3055
2003
884
-232
-1279
-2202
-2959
-3519
-3865
-3995
-3915
-3641
-3197
-2612
-1916
-1143
-327
498
1300
2045
2703
3243
3637
3862
3899
3734
3363
2793
2040
1133
115
-963
-2039
-3046
-3916
-4585
-4994
-5102
-4883
-4332
-3468
-2335
-996
465
1953
3362
4590
5543
6141
6329
6080
5396
4315
2901
1250
-526
-2300
-3943
-5334
-6366
-6959
-7062
-6663
-5784
-4486
-2859
-1019
898
2756
4418
5763
6695
7148
7090
6530
5512
4114
2442
620
-1221
-2946
-4436
-5589
-6330
-6616
-6439
-5823
-4824
-3525
-2024
-433
1136
2575
3792
4714
5291
5502
5349
4862
4088
3094
1954
748
-444
-1552
-2515
-3285
-3830
-4136
-4200
-4036
-3667
-3124
-2444
-1668
-835
16
847
1625
2319
2903
3352
3647
3773
3718
3478
3054
2457
1707
830
-133
-1136
-2124
-3039
-3820
-4410
-4758
-4826
-4593
-4052
-3223
-2143
-872
515
1926
3266
4438
5350
5927
6115
5884
5235
4201
2841
1245
-479
-2211
-3824
-5200
-6232
-6839
-6969
-6604
-5763
-4501
-2906
-1090
