1111111111111111
1111111111111110
1111111111111101
1111111111111101
1111111111111101
1111111111111101
1111111111111110
1111111111111111
0000000000000010
0000000000000101
0000000000001001
0000000000001101
0000000000010001
0000000000010110
0000000000011001
0000000000011100
0000000000011100
0000000000011010
0000000000010110
0000000000001110
0000000000000011
1111111111110110
1111111111100110
1111111111010110
1111111111000101
1111111110110111
1111111110101100
1111111110100101
1111111110100110
1111111110101110
1111111110111110
1111111111010111
1111111111110111
0000000000011110
0000000001001000
0000000001110010
0000000010011001
0000000010111000
0000000011001011
0000000011010000
0000000011000010
0000000010100001
0000000001101100
0000000000100111
1111111111010100
1111111101111010
1111111100011111
1111111011001101
1111111010001100
1111111001100100
1111111001011101
1111111001111011
1111111011000001
1111111100101110
1111111110111011
0000000001100001
0000000100010011
0000000111000001
0000001001011010
0000001011001101
0000001100001011
0000001100000111
0000001010111001
0000001000011110
0000000100111100
0000000000011111
1111111011011100
1111110110001100
1111110001001110
1111101101000011
1111101010001101
1111101001001000
1111101010001101
1111101101101010
1111110011100010
1111111011101100
0000000101101111
0000010001001000
0000011101000111
0000101000110100
0000110011010100
0000111011101001
0001000000111100
0001000010011111
0000111111110011
0000111000101001
0000101101001010
0000011101110010
0000001011010010
1111110110101110
1111100001011001
1111001100101101
1110111010001001
1110101011000111
1110100000110011
1110011100001010
1110011101101111
1110100101101101
1110110011101110
1111000111000001
1111011110011100
1111111000011101
0000010011010111
0000101101010010
0001000100011001
0001010111000100
0001100011111011
0001101010000000
0001101000110100
0001100000011001
0001010001010011
0000111100100100
0000100011101011
0000001000010110
1111101100100100
1111010010010001
1110111011010100
1110101001010100
1110011101011111
1110011000100110
1110011010111010
1110100100001010
1110110011100101
1111000111111111
1111011111110101
1111111001011001
0000010010110110
0000101010011010
0000111110100000
0001001101110111
0001010111100100
0001011011001000
0001011000100001
0001010000001010
0001000010110101
0000110001101001
0000011101111000
0000001000111110
1111110100010101
1111100001010011
1111010001000000
1111000100010100
1110111011110110
1110110111110111
1110111000010110
1110111101000001
1111000101010100
1111010000100011
1111011101111001
1111101100100000
1111111011100000
0000001010000111
0000010111100110
0000100011011001
0000101101000001
0000110100001010
0000111000100111
0000111010010001
0000111001001001
0000110101010110
0000101111000011
0000100110100000
0000011100000001
0000001111111111
0000000010111010
1111110101010011
1111100111110010
1111011010111111
1111001111101001
1111000110011001
1110111111111010
1110111100101110
1110111101010000
1111000001101111
1111001010001100
1111010110010110
1111100101101110
1111110111100010
0000001010110001
0000011110010001
0000110000101111
0001000000111001
0001001101011110
0001010101011100
0001010111111111
0001010100101100
0001001011011110
0000111100101111
0000101001010010
0000010010010010
1111111001010000
1111011111111001
1111001000000001
1110110011011010
1110100011101000
1110011001111111
1110010111010100
1110011100000001
1110100111111010
1110111010010001
1111010001111011
1111101101001110
0000001010010000
0000100110111011
0001000001001000
0001010110111011
0001100110101101
0001101111010000
0001101111111001
0001101000100100
0001011001110000
0001000100100010
0000101010011100
0000001101011001
1111101111100000
1111010010111011
1110111001101111
1110100101101111
1110011000010011
1110010010010101
1110010100001011
1110011101100011
1110101101101100
1111000011010100
1111011100110010
1111111000001011
0000010011100010
0000101100111010
0001000010100100
0001010011000110
0001011101100000
0001100001010000
0001011110010011
0001010101000111
0001000110100010
0000110011110001
0000011110010010
0000000111101000
1111110001011000
1111011100111110
1111001011101100
1110111110011110
1110110101111101
1110110010011011
1110110011110100
1110111001110000
1111000011100101
1111010000100000
1111011111100001
1111101111101010
1111111111111010
0000001111011000
0000011101010011
0000101001000010
0000110010001001
0000111000010101
0000111011011111
0000111011100111
0000111000110111
0000110011011110
0000101011110000
0000100010000100
0000010110110101
0000001010100000
1111111101100101
1111110000100101
1111100100000011
1111011000100011
1111001110101011
1111000110111110
1111000001111100
1111000000000001
1111000001100001
1111000110100101
1111001111001101
1111011011000111
1111101001110101
1111111010101010
0000001100101100
0000011110110111
0000110000000000
0000111110111011
0001001010100000
0001010001110000
0001010011111100
0001010000101000
0001000111110001
0000111001101011
0000100111000110
0000010001000111
1111111001001001
1111100000110011
1111001001110010
1110110101110100
1110100110011011
1110011100110111
1110011010000001
1110011110010010
1110101001100100
1110111011001110
1111010010001000
1111101100101110
0000001001001011
0000100101011011
0000111111011011
0001010101010000
0001100101010000
0001101110001100
0001101111010101
0001101000100010
0001011010001111
0001000101011100
0000101011101001
0000001110101100
1111110000101100
1111010011110101
1110111010001101
1110100101101001
1110010111101000
1110010001000110
1110010010011111
1110011011100101
1110101011101010
1111000001011101
1111011011010100
1111110111010100
0000010011011011
0000101101101001
0001000100001001
0001010101011100
0001100000011010
0001100100011111
0001100001100101
0001011000000111
0001001000111101
0000110101010110
0000011110110100
0000000111000000
1111101111100110
1111011010001001
1111001000000000
1110111010001110
1110110001100000
1110101110001010
1110110000000111
1110110110111101
1111000001111110
1111010000010000
1111100000101100
1111110010001011
0000000011100111
0000010011111110
0000100010011001
0000101110001110
0000110110111110
0000111100011000
0000111110011010
0000111101001010
0000111000111000
0000110001111100
0000101000110011
0000011101111011
0000010001110110
0000000101000110
1111111000001101
1111101011101011
1111100000000010
1111010101110000
1111001101010100
1111000111001010
1111000011101001
1111000011000100
1111000101101001
1111001011011100
1111010100010110
1111100000000111
1111101110010010
1111111110001100
0000001111000010
0000011111110110
0000101111100101
0000111101001011
0001000111101000
0001001110000001
0001001111101101
0001001100010010
0001000011101011
0000110110001011
0000100100011110
0000001111100011
1111111000101110
1111100001011110
1111001011011101
1110111000010001
1110101001011000
1110100000000010
1110011101000110
1110100000111111
1110101011101011
1110111100100100
1111010010101010
1111101100011101
0000001000001101
0000100011111011
0000111101100110
0001010011010101
0001100011011101
0001101100101110
0001101110010101
0001101000000110
0001011010010111
0001000110000101
0000101100101010
0000001111111010
1111110001111101
1111010100111011
1110111010111101
1110100101111100
1110010111011000
1110010000010011
1110010001001101
1110011001111101
1110101001110111
1110111111101101
1111011001110101
1111110110010011
0000010011000100
0000101110000001
0001000101010011
0001010111010100
0001100010111001
0001100111010111
0001100100100110
0001011010111110
0001001011010111
0000110111000100
0000011111100111
0000000110110000
1111101110001111
1111010111110000
1111000100101111
1110110110010101
1110101101010100
1110101010000001
1110101100011010
1110110100000001
1111000000000111
1111001111101001
1111100001011101
1111110100010011
0000000110111011
0000011000001111
0000100111010010
0000110011010100
0000111011110101
0001000000100111
0001000001100111
0000111111000011
0000111001010010
0000110000110011
0000100110001011
0000011010000011
0000001101000010
1111111111101111
1111110010110000
1111100110100110
1111011011110000
1111010010101000
1111001011100111
1111000111000000
1111000101000010
1111000101111001
1111001001101001
1111010000010001
1111011001100110
1111100101010100
1111110011000001
0000000010000100
0000010001101111
0000100001001011
0000101111011110
0000111011101011
0001000100111001
0001001010010101
0001001011011001
0001000111110000
0000111111010011
0000110010010110
0000100001011110
0000001101100111
1111110111111100
1111100001111001
1111001100111101
1110111010101001
1110101100011001
1110100011011000
1110100000011100
1110100100000011
1110101110001100
1110111110010110
1111010011100110
1111101100100010
0000000111011110
0000100010100010
0000111011101111
0001010001001111
0001100001010111
0001101010110110
0001101100111000
0001100111001011
0001011010000010
0001000110010100
0000101101011001
0000010001000001
1111110011001110
1111010110001100
1110111100000001
1110100110101000
1110010111100110
1110010000000000
1110010000011001
1110011000101110
1110101000010110
1110111110000110
1111011000010101
1111110101001001
0000010010011001
0000101110000000
0001000110000000
0001011000101110
0001100100111011
0001101001110111
0001100111010101
0001011101101100
0001001101110010
0000111000111010
0000100000101010
0000000110110101
1111101101010010
1111010101110010
1111000001111000
1110110010110010
1110101001010111
1110100110000001
1110101000101101
1110110000111111
1110111110000010
1111001110110000
1111100001111000
1111110110000011
0000001001111010
0000011100001110
0000101011111100
0000111000010010
0001000000101011
0001000100111010
0001000100111111
0001000001001100
0000111001111111
0000101111111111
0000100011111001
0000010110011101
0000001000011011
1111111010100000
1111101101010101
1111100001011011
1111010111010010
1111001111001111
1111001001100101
1111000110100000
1111000110000110
1111001000011011
1111001101011011
1111010100111110
1111011110110100
1111101010101000
1111110111111101
0000000110001110
0000010100110010
0000100010111001
0000101111101110
0000111010011110
0001000010011000
0001000110110000
0001000111000101
0001000011000100
0000111010101011
0000101110001010
0000011110000100
0000001011001111
1111110110110001
1111100001111101
1111001110001101
1110111100111011
1110101111011101
1110100110111001
1110100100000110
1110100111100001
1110110001001010
1111000000100110
1111010100111101
1111101100111101
0000000110111111
0000100001001111
0000111001110110
0001001110111101
0001011110111110
0001101000100101
0001101010111110
0001100101110010
0001011001010001
0001000110001101
0000101101111001
0000010001111111
1111110100100001
1111010111100111
1110111101010111
1110100111101101
1110011000010000
1110010000001010
1110010000000001
1110010111110111
1110100111000111
1110111100101001
1111010110111000
1111110011111000
0000010001100001
0000101101101011
0001000110010100
0001011001101110
0001100110100011
0001101011111111
0001101001110001
0001100000001101
0001010000000111
0000111010110010
0000100001110111
0000000111001100
1111101100101100
1111010100001101
1110111111011010
1110101111100111
1110100101101111
1110100010001111
1110100101001000
1110101101111100
1110111011110100
1111001101100111
1111100001111110
1111110111011010
0000001100011110
0000011111110100
0000110000010010
0000111101000001
0001000101011010
0001001001001110
0001001000100001
0001000011100110
0000111011000010
0000101111100011
0000100010000000
0000010011001111
0000000100001000
1111110101011110
1111100111111110
1111011100001101
1111010010101000
1111001011100100
1111000111001100
1111000101100110
1111000110110010
1111001010101000
1111010000111101
1111011001100010
1111100100000001
1111110000000010
1111111101000111
0000001010101101
0000011000001110
0000100101000000
0000110000010110
0000111001100110
0001000000000101
0001000011010001
0001000010101111
0000111110010000
0000110101110011
0000101001101001
0000011010010001
0000001000011101
1111110101001110
1111100001101110
1111001111010000
1110111111000110
1110110010100001
1110101010100011
1110101000000000
1110101011010011
1110110100100001
1111000011010000
1111010110101101
1111101101101101
0000000110101111
0000100000000110
0000110111111110
0001001100100101
0001011100010111
0001100110000000
0001101000101011
0001100011111110
0001011000000101
0001000101101110
0000101110000100
0000010010110001
1111110101101111
1111011001000100
1110111110110111
1110101001000100
1110011001010010
1110010000101111
1110010000000110
1110010111011011
1110100110001111
1110111011011101
1111010101100011
1111110010100110
0000010000011111
0000101101000100
0001000110010000
0001011010010000
0001100111101100
0001101101101010
0001101011110100
0001100010011100
0001010010010011
0000111100101011
0000100011001101
0000000111110100
1111101100011101
1111010011000101
1110111101011011
1110101100111001
1110100010011111
1110011110101111
1110100001101100
1110101010111000
1110111001011101
1111001100001110
1111100001101101
1111111000010111
0000001110100111
0000100011000001
0000110100010011
0001000001100001
0001001010000010
0001001101100100
0001001100001011
0001000110001111
0000111100011010
0000101111011111
0000100000011110
0000010000010101
0000000000000101
1111110000100111
1111100010101100
1111010110111101
1111001101110110
1111000111101010
1111000100100000
1111000100011000
1111000111001000
1111001100100001
1111010100001111
1111011101111011
1111101001001010
1111110101011111
0000000010011010
0000001111011010
0000011011111100
0000100111011100
0000110001010100
0000111001000001
0000111110000011
0000111111111110
0000111110011110
0000111001011010
0000110000110010
0000100100111000
0000010110001010
0000000101010101
1111110011010011
1111100001001000
1111001111111111
1111000001000100
1110110101011111
1110101110001111
1110101100000011
1110101111010111
1110111000001110
1111000110010100
1111011000111001
1111101110111000
0000000110110110
0000011111001100
0000110110001101
0001001010001011
0001011001100100
0001100011001000
0001100101111110
0001100001101101
0001010110011011
0001000100110001
0000101101110111
0000010011010001
1111110110110100
1111011010100100
1111000000100100
1110101010101111
1110011010101111
1110010001110011
1110010000101010
1110010111011101
1110100101110000
1110111010100011
1111010100010110
1111110001010011
0000001111010011
0000101100001010
0001000101110010
0001011010010110
0001101000010111
0001101110111001
0001101101100000
0001100100011010
0001010100010101
0000111110100010
0000100100101011
0000001000101011
1111101100100100
1111010010010110
1110111011110110
1110101010100011
1110011111100101
1110011011100000
1110011110011010
1110100111111000
1110110111000010
1111001010101001
1111100001001011
1111111000111111
0000010000011001
0000100101110110
0000110111111111
0001000101110001
0001001110011111
0001010001110101
0001001111111000
0001001001000010
0000111110000001
0000101111101111
0000011111010011
0000001101110100
1111111100011000
1111101100000001
1111011101100110
1111010001110001
1111001001000001
1111000011100111
1111000001100101
1111000010110101
1111000111000111
1111001110000011
1111010111001100
1111100010000100
1111101110001001
1111111010111001
0000000111110010
0000010100010100
0000011111111101
0000101010001111
0000110010101011
0000111000110101
0000111100010110
0000111100111011
0000111010010110
0000110100100011
0000101011101001
0000011111111000
0000010001101101
0000000001110011
1111110000111101
1111100000001001
1111010000011010
1111000010110100
1110111000010111
1110110001111110
1110110000010010
1110110011101101
1110111100010100
1111001001110100
1111011011100001
1111110000011100
0000000111010001
0000011110100001
0000110100100010
0001000111101110
0001010110100111
0001011111111101
0001100010111001
0001011111000000
0001010100010100
0001000011011011
0000101101010101
0000010011100010
1111110111110010
1111011100000100
1111000010011001
1110101100101010
1110011100100010
1110010011010001
1110010001101010
1110010111111001
1110100101101000
1110111001111010
1111010011010101
1111110000000101
0000001110000010
0000101011000100
0001000101000010
0001011010000011
0001101000100111
0001101111101100
0001101110110010
0001100110000010
0001010110001000
0001000000010010
0000100110001010
0000001001101100
1111101100111011
1111010001111110
1110111010101100
1110101000101011
1110011101000110
1110011000101000
1110011011011001
1110100101000001
1110110100101000
1111001000111011
1111100000011000
1111111001001111
0000010001110000
0000101000001111
0000111011010000
0001001001101010
0001010010101011
0001010101111110
0001010011100101
0001001011111110
0000111111111000
0000110000010110
0000011110100010
0000001011101100
1111111001000100
1111100111110000
1111011000101101
1111001100101011
1111000100001010
1110111111011000
1110111110011000
1111000000111100
1111000110101101
1111001111001100
1111011001110100
1111100101111100
1111110010111101
0000000000010000
0000001101001111
0000011001011001
0000100100001111
0000101101010111
0000110100011000
0000111000111111
0000111010111101
0000111010000110
0000110110010110
0000101111101110
0000100110011001
0000011010101011
0000001100111110
1111111101111011
1111101110010000
1111011110110100
1111010000100001
1111000100010100
1110111011000110
1110110101101010
1110110100100110
1110111000001111
1111000000101100
1111001101101001
1111011110100001
1111110010011000
0000001000000011
0000011110000110
0000110011000010
0001000101010110
0001010011100110
0001011100100111
0001011111100011
0001011011111100
0001010001110011
0001000001101001
0000101100011001
0000010011011101
1111111000100001
1111011101011101
1111000100010000
1110101110110000
1110011110101000
1110010101001001
1110010011000111
1110011000110100
1110100101111101
1110111001101011
1111010010100110
1111101110111110
