0000000000000000000000000000000000000000
1111111111111111111110001101001000000110
1111111111111111111101000011000110111010
1111111111111111111011111010000000110000
1111111111111111111010111111010010110110
1111111111111111111010100110101011011100
1111111111111111111011000100000001111111
1111111111111111111100101110100010101110
1111111111111111111111110010001001100010
0000000000000000000100011000110001011101
0000000000000000001010100110010001110011
0000000000000000010010010000100100101010
0000000000000000011010111000111110101110
0000000000000000100011111101010001101111
0000000000000000101100100100010101011110
0000000000000000110011101111111101011010
0000000000000000111000010111100001010011
0000000000000000111001010100011110010111
0000000000000000110101100000010101010111
0000000000000000101100001000011110111010
0000000000000000011100101101111101100000
0000000000000000000111010101111001111001
1111111111111111101100100001011001101010
1111111111111111001101101000010110100110
1111111111111110101100100100100110110111
1111111111111110001011110111110100111101
1111111111111101101110100111010010101001
1111111111111101011000000101000011000111
1111111111111101001011100111011111011001
1111111111111101001100001111100101100100
1111111111111101011100010101100101101101
1111111111111101111101001111000110100000
1111111111111110101110111101000010001111
1111111111111111101111111101001010101101
0000000000000000111100111011010001101001
0000000000000010010000111000111101011111
0000000000000011100101011001001110000010
0000000000000100110010110011111111101101
0000000000000101110000111110011001110101
0000000000000110010111110011110111111000
0000000000000110100000001100001000101000
0000000000000110000100101001111000101000
0000000000000101000010010010011011111001
0000000000000011011001100010010110101110
0000000000000001001110011000101010000000
1111111111111110101000101110100110010100
1111111111111011110100001000011000100111
1111111111111000111111001100111111010010
1111111111110110011010101111100011011011
1111111111110100011000010001011010101001
1111111111110011001000101001110011001100
1111111111110010111010001001110111111110
1111111111110011110110111001111011011011
1111111111110110000011001011111100001001
1111111111111001011100010010101010000111
1111111111111101110111110100000000001011
0000000000000011000011101100000110001000
0000000000001000100110110100010101001111
0000000000001110000010100100010000100010
0000000000010010110101000011010011010101
0000000000010110011011111111011011110100
0000000000011000010111110110010011110011
0000000000011000001111001010011000111011
0000000000010101110010000000011101101011
0000000000010000111100011101001010011001
0000000000001001111000101110110010110001
0000000000000000111111110101110010111011
1111111111110110111001010101000111000010
1111111111101100011001010010111011101111
1111111111100010011101001111101100111010
1111111111011010000111101011011111110001
1111111111010100011010100101100110110111
1111111111010010010001100010000011000010
1111111111010100011011100011010011011100
1111111111011011010101011111001010011000
1111111111100111000101100001110001101111
1111111111110111011000000000100111011111
0000000000001011011110010101100101011101
0000000000100010010000000100011000111110
0000000000111010001110010101110001100001
0000000001010001101001011100101001101110
0000000001100110101000100001101011100101
0000000001110111010010101100110011101110
0000000010000001111000101011101111111110
0000000010000100111110110101001100100000
0000000001111111100110001010100001010111
0000000001110001010011101111111000010100
0000000001011010010101101011000111110000
0000000000111011100101000100000110010111
0000000000010110100100111010110011110000
1111111111101101011101000100101111001000
1111111111000010110010001110100110111101
1111111110011001011011001000111111101011
1111111101110100010011100101111101000011
1111111101010110001110010100000110111010
1111111101000001100110110110100000001111
1111111100111000010100100111010011110000
1111111100111011011111111100101100010111
1111111101001011011010101011011010110101
1111111101100111011100011000001100100010
1111111110001110000011000101001111101001
1111111110111100111000100110111010011011
1111111111110000111011111110000101001011
0000000000100110101110100011011010100001
0000000001011010100100000001001001011010
0000000010001000110011011110110110010001
0000000010101110001001001101111010010011
0000000011000111110110101101011010100100
0000000011010100000000100111000110000110
