1111111111111110
1111111111111101
1111111111111011
1111111111111010
1111111111111010
1111111111111011
1111111111111100
1111111111111111
0000000000000100
0000000000001010
0000000000010010
0000000000011010
0000000000100011
0000000000101100
0000000000110011
0000000000111000
0000000000111001
0000000000110101
0000000000101100
0000000000011100
0000000000000111
1111111111101100
1111111111001101
1111111110101100
1111111110001011
1111111101101110
1111111101011000
1111111101001011
1111111101001100
1111111101011100
1111111101111101
1111111110101110
1111111111101111
0000000000111100
0000000010010000
0000000011100101
0000000100110010
0000000101110000
0000000110010111
0000000110100000
0000000110000100
0000000101000010
0000000011011001
0000000001001110
1111111110101000
1111111011110100
1111111000111111
1111110110011010
1111110100011000
1111110011001000
1111110010111010
1111110011110110
1111110110000011
1111111001011100
1111111101110111
0000000011000011
0000001000100110
0000001110000010
0000010010110101
0000010110011011
0000011000010111
0000011000001111
0000010101110010
0000010000111100
0000001001111000
0000000000111111
1111110110111001
1111101100011001
1111100010011101
1111011010000111
1111010100011010
1111010010010001
1111010100011011
1111011011010101
1111100111000101
1111110111011000
0000001011011110
0000100010010000
0000111010001110
0001010001101001
0001100110101000
0001110111010010
0010000001111000
0010000100111110
0001111111100110
0001110001010011
0001011010010101
0000111011100101
0000010110100100
1111101101011101
1111000010110010
1110011001011011
1101110100010011
1101010110001110
1101000001100110
1100111000010100
1100111011011111
1101001011011010
1101100111011100
1110001110000011
1110111100111000
1111110000111011
0000100110101110
0001011010100100
0010001000110011
0010101110001001
0011000111110110
0011010100000000
0011010001101000
0011000000110010
0010100010100110
0001111001001001
0001000111010110
0000010000101101
1111011001001001
1110100100100011
1101110110101001
1101010010101001
1100111010111111
1100110001001101
1100110101110101
1101001000010101
1101100111001011
1110001111111110
1110111111101011
1111110010110011
0000100101101100
0001010100110100
0001111101000001
0010011011101111
0010101111001000
0010110110010000
0010110001000011
0010100000010101
0010000101101011
0001100011010010
0000111011110000
0000010001111100
1111101000101011
1111000010100110
1110100010000000
1110001000101000
1101110111101100
1101101111101111
1101110000101101
1101111010000010
1110001010101000
1110100001000110
1110111011110011
1111011001000001
1111110111000001
0000010100001110
0000101111001101
0001000110110010
0001011010000010
0001101000010101
0001110001001110
0001110100100010
0001110010010011
0001101010101101
0001011110000111
0001001101000000
0000111000000010
0000011111111111
0000000101110101
1111101010100111
1111001111100100
1110110101111111
1110011111010010
1110001100110011
1101111111110100
1101111001011100
1101111010100000
1110000011011111
1110010100011000
1110101100101101
1111001011011101
1111101111000100
0000010101100011
0000111100100011
0001100001011111
0010000001110010
0010011010111100
0010101010111000
0010101111111111
0010101001011000
0010010110111101
0001111001011111
0001010010100100
0000100100100100
1111110010100000
1110111111110010
1110010000000011
1101100110110101
1101000111010001
1100110011111110
1100101110101001
1100111000000010
1101001111110100
1101110100100011
1110100011110111
1111011010011101
0000010100100001
0001001101110110
0010000010010000
0010101101110111
0011001101011010
0011011110100000
0011011111110011
0011010001001000
0010110011100000
0010001001000100
0001010100111001
0000011010110010
1111011111000000
1110100101110111
1101110011011111
1101001011011110
1100110000100111
1100100100101011
1100101000010110
1100111011000111
1101011011011001
1110000110101001
1110111001100100
1111110000010111
0000100111000100
0001011001110100
0010000101001001
0010100110001101
0010111011000001
0011000010100000
0010111100100111
0010101010001110
0010001101000100
0001100111100011
0000111100100100
0000001111010000
1111100010110000
1110111001111101
1110010111011000
1101111100111100
1101101011111010
1101100100110110
1101100111101000
1101110011100000
1110000111001011
1110100001000000
1110111111000011
1111011111010100
1111111111110100
0000011110110001
0000111010100111
0001010010000101
0001100100010010
0001110000101010
0001110110111110
0001110111001110
0001110001101110
0001100110111100
0001010111100000
0001000100001000
0000101101101010
0000010101000000
1111111011001010
1111100001001010
1111001000000110
1110110001000111
1110011101010111
1110001101111100
1110000011111000
1110000000000010
1110000011000010
1110001101001011
1110011110011010
1110110110001111
1111010011101011
1111110101010101
0000011001011001
0000111101101111
0001100000000000
0001111101110110
0010010101000000
0010100011100000
0010100111111000
0010100001010000
0010001111100010
0001110011010110
0001001110001100
0000100010001111
1111110010010011
1111000001100110
1110010011100101
1101101011101001
1101001100110110
1100111001101111
1100110100000011
1100111100100101
1101010011001001
1101110110011100
1110100100010000
1111011001011101
0000010010010110
0001001010110110
0001111110110111
0010101010100001
0011001010100000
0011011100011000
0011011110101011
0011010001000101
0010110100011111
0010001010111001
0001010111010010
0000011101011000
1111100001011000
1110100111101010
1101110100011010
1101001011010011
1100101111010000
1100100010001101
1100100100111110
1100110111001011
1101010111010101
1110000010111010
1110110110101000
1111101110101001
0000100110110111
0001011011010011
0010001000010011
0010101010111000
0011000000110101
0011001000111111
0011000011001011
0010110000001110
0010010001111010
0001101010101101
0000111101101001
0000001110000001
1111011111001101
1110110100010011
1110010000000001
1101110100011101
1101100011000001
1101011100010100
1101100000001110
1101101101111010
1110000011111101
1110100000100000
1111000001011001
1111100100010111
0000000111001110
0000100111111100
0001000100110011
0001011100011100
0001101101111100
0001111000110001
0001111100110101
0001111010010100
0001110001110001
0001100011111001
0001010001100110
0000111011110110
0000100011101101
0000001010001101
1111110000011010
1111010111010111
1111000000000101
1110101011100001
1110011010101001
1110001110010100
1110000111010010
1110000110001000
1110001011010010
1110010110111000
1110101000101101
1111000000001111
1111011100100100
1111111100011001
0000011110000101
0000111111101101
0001011111001011
0001111010010111
0010001111010000
0010011100000011
0010011111011011
0010011000100100
0010000111010110
0001101100010111
0001001000111100
0000011111000110
1111110001011100
1111000010111101
1110010110111011
1101110000100010
1101010010110001
1101000000000100
1100111010001100
1101000001111111
1101010111010110
1101111001001001
1110100101010100
1111011000111011
0000010000011010
0001000111110110
0001111011001101
0010100110101010
0011000110111011
0011011001011100
0011011100101011
0011010000001100
0010110100101111
0010001100001010
0001011001010100
0000011111110101
1111100011111010
1110101001110110
1101110101111011
1101001011111000
1100101110110000
1100100000100111
1100100010011011
1100110011111011
1101010011101111
1101111111011010
1110110011101010
1111101100100111
0000100110001000
0001011100000011
0010001010100111
0010101110101000
0011000101110010
0011001110101110
0011001001001100
0010110101111100
0010010110101111
0001101110001000
0000111111001110
0000001101100000
1111011100011111
1110101111100001
1110001001011111
1101101100101011
1101011010101000
1101010100000011
1101011000110100
1101101000000011
1110000000001110
1110011111010011
1111000010111011
1111101000100110
0000001101110111
0000110000011111
0001001110100100
0001100110101000
0001110111101011
0010000001001110
0010000011001110
0001111110000110
0001110010100100
0001100001100110
0001001100010111
0000110100000110
0000011010000100
1111111111011111
1111100101100000
1111001101001100
1110110111100000
1110100101010001
1110010111001110
1110001110000000
1110001010000101
1110001011110011
1110010011010011
1110100000100010
1110110011001100
1111001010101001
1111100110000010
0000000100001000
0000100011011110
0001000010010111
0001011110111100
0001110111010110
0010001001110010
0010010100101010
0010010110110011
0010001111100000
0001111110100111
0001100100101101
0001000010111101
0000011011001110
1111101111111001
1111000011110010
1110011001111010
1101110101010011
1101011000110011
1101000110110000
1101000000111001
1101001000000111
1101011100011000
1101111100101101
1110100111001100
1111011001000100
0000001110111101
0001000101000100
0001110111011111
0010100010011110
0011000010101111
0011010101101101
0011011001110000
0011001110010110
0010110100000101
0010001100101001
0001011010110011
0000100010000010
1111100110011101
1110101100011000
1101111000000010
1101001101010001
1100101111001101
1100100000000001
1100100000110011
1100110001011101
1101010000101101
1101111100001100
1110110000101011
1111101010010010
0000100100110011
0001011100000001
0010001100000000
0010110001011101
0011001001110111
0011010011101110
0011001110101011
0010111011011000
0010011011100101
0001110001110100
0001000001010100
0000001101101011
1111011010100101
1110101011100101
1110000011110000
1101100101100101
1101010010101111
1101001100000010
1101010001011010
1101100001111110
1101111100000100
1110011101100001
1111000011110001
1111101100000110
0000010011110100
0000111000011100
0001010111111001
0001110000100100
0010000001010111
0010001001110101
0010001001111111
0010000010011001
0001110011111111
0001011111111110
0001000111110010
0000101100111011
0000010000110111
1111110101000001
1111011010101010
1111000010110111
1110101110100100
1110011110011111
1110010011001010
1110001101000000
1110001100001101
1110010000110111
1110011010110111
1110101001111100
1110111101101000
1111010101010000
1111101111111010
0000001100011101
0000101001100101
0001000101110010
0001011111011101
0001110100111101
0010000100110000
0010001101100000
0010001110001010
0010000110001001
0001110101010111
0001011100010100
0000111100001000
0000010110011110
1111101101100010
1111000011111011
1110011100011011
1101111001110111
1101011110111010
1101001101110011
1101001000001101
1101001111000010
1101100010010101
1110000001001101
1110101001111011
1111011001111010
0000001101111110
0001000010011111
0001110011101100
0010011101111010
0010111101111100
0011010001001011
0011010101111100
0011001011100100
0010110010100011
0010001100011011
0001011011110010
0000100011111111
1111101001000011
1110101111001110
1101111010101110
1101001111011010
1100110000100000
1100100000010100
1100100000000010
1100101111101111
1101001110001111
1101111001010011
1110101101110000
1111100111110000
0000100011000011
0001011011010111
0010001100101001
0010110011011100
0011001101000110
0011010111111110
0011010011100011
0011000000011010
0010100000001111
0001110101100101
0001000011101110
0000001110011000
1111011001011000
1110101000011011
1101111110110101
1101011111001111
1101001011011111
1101000100011111
1101001010010000
1101011011111000
1101110111101001
1110011011001111
1111000011111101
1111101110110100
0000011000111100
0000111111101000
0001100000100101
0001111010000010
0010001010110101
0010010010011101
0010010001000010
0010000111001100
0001110110000100
0001011111000111
0001000100000000
0000100110011110
0000001000010000
1111101010111100
1111001111111100
1110111000011011
1110100101010001
1110010111001000
1110001110011001
1110001011001101
1110001101100100
1110010101010000
1110100001111011
1110110011000100
1111001000000011
1111100000000101
1111111010001111
0000010101011011
0000110000011101
0001001010000000
0001100000101101
0001110011001100
0010000000001011
0010000110100011
0010000101011111
0001111100100000
0001101011100111
0001010011010010
0000110100100010
0000010000111011
1111101010011100
1111000011011100
1110011110100000
1101111110001101
1101100101000011
1101010101000111
1101010000000000
1101010110100111
1101101001000010
1110000110100000
1110101101011011
1111011011011011
0000001101011111
0001000000001101
0001101111111100
0010011001001010
0010111000101110
0011001100000001
0011010001010110
0011000111111101
0010110000001011
0010001011011100
0001011100001000
0000100101100010
1111101011011110
1110110010001001
1101111101101111
1101010010001000
1100110010100101
1100100001011111
1100100000001100
1100101110110111
1101001100011111
1101110110111011
1110101011000110
1111100101001101
0000100000111111
0001011010001000
0010001100100000
0010110100100001
0011001111011000
0011011011010100
0011010111101001
0011000100111000
0010100100100110
0001111001010110
0001000110011011
0000001111101000
1111011000111011
1110100110001011
1101111010110110
1101011001110010
1101000100111110
1100111101011111
1101000011011000
1101010101110001
1101110010111011
1110011000011100
1111000011011011
1111110000101111
0000011101001111
0001000110000010
0001101000100111
0010000011000011
0010010100000101
0010011011001001
0010011000010111
0010001100011111
0001111000110100
0001011110111111
0001000000111100
0000100000101011
0000000000001011
1111100001001110
1111000101011000
1110101101111010
1110011011101101
1110001111010101
1110001001000001
1110001000110001
1110001110010001
1110011001000011
1110101000011111
1110111011110111
1111010010010101
1111101010111111
0000000100110101
0000011110110101
0000110111111001
0001001110111000
0001100010101000
0001110010000011
0001111100000111
0001111111111101
0001111100111101
0001110010110100
0001100001100101
0001001001110000
0000101100010100
0000001010101010
1111100110100110
1111000010010000
1110011111111111
1110000010001001
1101101010111111
1101011100011111
1101011000000111
1101011110101111
1101110000011101
1110001100101001
1110110001110011
1111011101110000
0000001101101100
0000111110011001
0001101100011010
0010010100010110
0010110011001001
0011000110010000
0011001011111100
0011000011011010
0010101100110110
0010001001100011
0001011011101111
0000100110100010
1111101101101001
1110110101001001
1110000001001000
1101010101011110
1100110101011111
1100100011100111
1100100001010100
1100101110111010
1101001011100000
1101110101000110
1110101000101101
1111100010100111
0000011110100111
0001011000010101
0010001011100101
0010110100101100
0011010000101111
0011011101110010
0011011011000001
0011001000110100
0010101000101010
0001111101000101
0001001001010111
0000010001010110
1111011001001000
1110100100101100
1101110111101100
1101010101000111
1100111111001010
1100110111000000
1100111100110100
1101001111110001
1101101110000101
1110010101010010
1111000010010110
1111110001111110
0000100000110010
0001001011101100
0001101111111110
0010001011100010
0010011100111110
0010100011101011
0010011111110001
0010010010000101
0001111100000010
0001011111011111
0000111110100110
0000011011101000
1111111000110001
1111011000000011
1110111011001100
1110100011100011
1110010010000011
1110000111001110
1110000011001010
1110000101101011
1110001110001110
1110011100000110
1110101110011001
1111000100001001
1111011100010010
1111110101110010
0000001111100101
0000101000101000
0000111111111010
0001010100011110
0001100101010110
0001110001101011
0001111000101101
0001111001110111
0001110100101101
0001101001000111
0001010111010010
0000111111110000
0000100011011011
0000000011100110
1111100001111010
1111000000010010
1110100000110100
1110000101101000
1101110000101111
1101100011111100
1101100000100100
1101100111011011
1101111000101001
1110010011101000
1110110111000011
1111100000111001
0000001110100011
0000111101000010
0001101001000100
0010001111011101
0010101101001110
0010111111111011
0011000101110011
0010111110000000
0010101000101001
0010000110110110
0001011010101011
0000100111000100
1111101111100101
1110111000001001
1110000100110010
1101011001010101
1100111001000100
1100100110100011
1100100011010100
1100101111110011
1101001011010000
1101110011110101
1110100110101011
1111100000001010
0000011100000101
0001010110001001
0010001010000100
0010110100000111
0011010001001111
0011011111011000
0011011101100100
0011001100000100
0010101100010000
0010000000100101
0001001100010101
0000010011011000
1111011001110111
1110100011111100
1101110101011000
1101010001010111
1100111010001101
1100110001010001
1100110110110011
1101001010000011
1101101001010000
1110010001110111
1111000000110001
1111110010011111
0000100011100000
0001010000011110
0001110110100000
0010010011010100
0010100101010111
0010101011111100
0010100111001011
0010010111111100
0001111111110001
0001100000101100
0000111101000100
0000010111011001
1111110010001000
1111001111100000
1110110001011011
1110011001010111
1110001000010100
1101111110110001
1101111100110001
1110000001111001
1110001101011011
1110011110011001
1110110011101000
1111001011111001
1111100101111011
0000000000100000
0000011010011111
0000110010110011
0001001000011111
0001011010101110
0001101000110001
0001110001111111
0001110101111010
0001110100001100
0001101100101100
0001011111011101
0001001100110011
0000110101010110
0000011001111101
1111111011110111
1111011100100001
1110111101101000
1110100001000011
1110001000101001
1101110110001101
1101101011010101
1101101001001100
1101110000011111
1110000001011000
1110011011010010
1110111101000010
1111100100110001
0000010000000110
0000111100001101
0001100110000101
0010001010101100
0010100111001100
0010111001001111
0010111111000110
0010110111111000
0010100011100111
0010000011010010
0001011000110011
0000100110111011
1111110001000010
1110111010111011
1110001000100000
1101011101100001
1100111101010000
1100101010010010
1100100110001111
1100110001101001
1101001011111010
1101110011010110
1110100101001100
1111011101111101
