-470522
-773702
-1073104
-1313610
-1414436
-1294209
-857938
-56734
1150045
2778227
4786474
7049134
9426031
11683166
13565786
14776403
15026071
14026071
11569082
7528288
1924729
-5106070
-13204058
-21870153
-30442179
-38112087
-44019513
-47286311
-47122076
-42903187
-34279008
-21245809
-4205907
15971433
37982047
60134274
80429037
96724597
106905080
109101608
101883432
84485881
57025966
20548224
-22877804
-70220249
-117649454
-160761637
-194963799
-215835444
-219636226
-203710757
-166936823
-110024057
-35700725
51298696
144393551
235553826
315897045
376436468
408904947
406627899
365430635
284283545
165866673
16735419
-152743486
-328913169
-495649990
-635521039
-731227721
-767156030
-730975012
-615124328
-417981329
-144700961
192502109
574637630
976837729
1369819758
1721899749
2001390830
2179120126
2231063328
2140710999
1901002260
1515631088
999571863
378776816
-311145528
-1027020355
-1720938517
-2343674045
-2848374342
-3194263537
-3350039312
-3296736489
-3029682507
-2559474910
-1911794711
-1126011237
-252714677
649737889
1519391322
2295197073
2921651859
3353007780
3556929926
3517058245
3234512107
2727993410
2032529851
1196983722
280486935
-651937235
-1534246136
-2304280157
-2908383078
-3305326151
-3469308491
-3391663023
-3081332302
-2563888058
-1879388017
-1079098557
-221472977
632324410
1423049492
2097608517
2612800113
2938158931
3057686093
2970456314
2690035873
2242868592
1665734329
1002578825
301011888
-391310425
-1030046149
-1577048744
-2002602043
-2286835234
-2420330909
-2403862698
-2247489561
-1969020080
-1592067390
-1144038240
-653942897
-150532580
339354237
791986128
1187593092
1510727924
1750343801
1899542729
1955265239
1917777881
1790347239
1578914726
1291895110
940111199
536858002
97876214
-358679067
-812475394
-1241645093
-1622539870
-1932690272
-2150545348
-2257512564
-2239601337
-2089007978
-1805473592
-1397245797
-881491684
-284045687
361572055
1015868186
1635749858
2177421484
2599604598
2866832935
2952548085
2841716944
2532714223
2038260980
1385278260
613601655
-226401997
-1077178347
-1878062303
-2569787069
-3099074898
-3422936704
-3512318267
-3354771758
-2955902574
-2339436057
-1545858798
-629706910
344311982
1306075931
2185318835
2916998858
3446334830
3733102456
3754837150
3508676626
3011686112
2299630934
1424289483
449517470
-553622512
-1512277010
-2357330741
-3028608778
-3479342036
-3679548898
-3618077972
-3303168171
-2761505009
-2035873756
-1181622090
-262236982
655594681
1507039147
2233881475
2788637789
3137711388
3263378367
3164490223
2855889429
2366638388
1737254670
1016217237
256055085
-490652235
-1175043030
-1755229379
-2198817793
-2484547841
-2602983562
-2556277816
-2357103955
-2026913411
-1593719895
-1089634010
-548371639
-2938265
516345430
983363145
1377209095
1682679712
1890299447
1995969981
2000356326
1908133936
1727212463
1468032901
1143001514
766088116
352576899
-81075721
-517346585
-937798811
-1323364751
-1654826697
-1913534932
-2082365701
-2146880404
-2096604494
-1926310046
-1637160742
-1237567603
-743611452
-178912675
426128906
1035747335
1610836356
2111482456
2499838274
2743120911
2816486011
2705517930
2408089616
1935381709
1311911443
574498041
-229819800
-1046805551
-1818789907
-2488907716
-3005481102
-3326194943
-3421711998
-3278407813
-2899967207
-2307669738
-1539296702
-646703858
307781723
1255881485
2128459053
2860789973
3397586923
3697371324
3735830460
3507875583
3028221068
2330422639
1464438675
492900137
-513619749
-1481961651
-2341936361
-3031639110
-3502100687
-3720909067
-3674521611
-3369095533
-2829786521
-2098590129
-1230917577
-291196775
652135320
1531842343
2286883886
2866808427
3235213540
3372028160
3274473564
2956672172
2447983635
1790248136
1034198582
235360559
-550214259
-1270036962
-1878781319
-2341138686
-2633748296
-2746109695
-2680474056
-2450796300
-2080901468
-1602074542
-1050313257
-463492744
121323927
670230667
1154329805
1551000990
1844561635
2026350814
2094320136
2052249549
1908726330
1676027664
1369033501
1004267742
599131204
171347182
-261397751
-681668744
-1072427525
-1417190088
-1700276573
-1907213901
-2025322419
-2044481120
-1958026249
-1763701543
-1464547982
-1069605255
-594293446
-60358763
504701944
1068778802
1596834710
2053065379
2403402109
2618175745
2674723584
2559703266
2270882154
1818197356
1223930446
521908252
-244278521
-1023960419
-1762815188
-2406795352
-2906261879
-3219991893
-3318723150
-3187919796
-2829495562
-2262307485
-1521329511
-655522627
275471193
1205581873
2067194635
2796286231
3337405545
3648092574
3702367298
3492989548
3032287113
2351463091
1498418572
534247545
-471327003
-1445219364
-2316532718
-3021954214
-3510563259
-3747670294
-3717382811
-3423699903
-2890057074
-2157370089
-1280747482
-325147951
639658893
1544418965
2325581025
2929938038
3318368060
3468400951
3375439920
3052578984
2529074570
1847635658
1060787328
226629159
-595654147
-1350165977
-1988217286
-2471506421
-2774348374
-2884830494
-2804867374
-2549218698
-2143615500
-1622204762
-1024563846
-392553996
232726007
813653678
1318281849
1721900628
2007907526
2167997674
2201745248
2115693332
1922100956
1637507294
1281268147
874197621
437414191
-8551472
-444372955
-852295835
-1216315466
-1522245456
-1757762908
-1912510441
-1978313772
-1949543450
-1823612975
-1601567918
-1288687897
-894998602
-435579911
69440940
595301736
1113480546
1593045451
2002436828
2311586515
2494227259
2530207294
2407599392
2124390769
1689555561
1123350829
456733347
-270133101
-1010230721
-1712769576
-2326792995
-2805039377
-3107754094
-3206130096
-3085069133
-2744997882
-2202540467
-1489936737
-653198095
250901237
1158797046
2004783154
2725979077
3267223869
3585496937
3653495438
3462058740
3021218533
2359762909
1523322609
571110301
-428444598
-1402827969
-2280937462
-2998506546
-3503022470
-3757744330
-3744498845
-3465031314
-2940806704
-2211281829
-1330794512
-364326145
617516394
1543893244
2349067361
2977262727
3386669144
3552293804
3467458874
3143857949
2610203579
1909610142
1095956040
229543203
-627580380
-1416255334
-2084440465
-2590721257
-2906854609
-3019195003
-2928946617
-2651284270
-2213476626
-1652218749
-1010435056
-333839193
332460158
947044046
1474740226
1888496296
2170484119
2312423905
2315185288
2187779741
1945900355
1610187952
1204405125
753684257
282985068
-184145089
-626462462
-1025570754
-1366160818
-1636020111
-1825904366
-1929366666
-1942627972
-1864549297
-1696733288
-1443745486
-1113410331
-717106430
-269965692
209125149
697813308
1170928773
1601525537
1962302798
2227343072
2374055829
2385174020
2250621855
1969059954
1548922761
1008789637
376979274
-309681714
-1007891443
-1670606656
-2250304802
-2702539488
-2989511023
-3083351832
-2968832334
-2645224386
-2127117338
-1444060602
-639000876
234416648
1115512952
1940948044
2649472282
3186683472
3509402474
3589299879
3415457255
2995626327
2356051042
1539833868
603947416
-384894369
-1355192462
-2236061432
-2962643300
-3481103972
-3752808271
-3757335087
-3494085558
-2982352238
-2259840896
-1379764488
-406742825
588160283
1532863576
2359724292
3010590606
3441055666
3623587097
3549303095
3228278451
2688386032
1972797612
1136373602
241255656
-647967364
-1469126509
-2166988067
-2697074896
-3028519284
-3145762806
-3049019695
-2753524966
-2287686318
-1690342603
-1007394257
-288107603
418595839
1067572328
1620360889
2047371201
2329239558
2457316881
2433329117
2268317536
1981017799
1595869969
1140863477
645412215
138428908
-353273018
-806171174
-1200792908
-1522063076
-1759304751
-1905984444
-1959308013
-1919771971
-1790758451
-1578236224
-1290594221
-938598087
-535425338
-96707554
359507293
812962244
1241645093
1622539870
1932690272
2150545348
2257512564
2239601337
2089007978
1805473592
1397245797
881491684
284045687
-361572055
-1015868186
-1635749858
-2177421484
-2599604598
-2866832935
-2952548085
-2841716944
-2532714223
-2038260980
-1385278260
-613601655
226401997
1077178347
1878062303
2569787069
3099074898
3422936704
3512318267
3354771758
2955902574
2339436057
1545858798
629706910
-344311982
-1306075931
-2185318835
-2916998858
-3446334830
-3733102456
-3754837150
-3508676626
-3011686112
-2299630934
-1424289483
-449517470
553622512
1512277010
2357330741
3028608778
3479342036
3679548898
3618077972
3303168171
2761505009
2035873756
1181622090
262236982
-655594681
-1507039147
-2233881475
-2788637789
-3137711388
-3263378367
-3164490223
-2855889429
-2366638388
-1737254670
-1016217237
-256055085
490652235
1175043030
1755229379
2198817793
2484547841
2602983562
2556277816
2357103955
2026913411
1593719895
1089634010
548371639
2938265
-516345430
-983363145
-1377209095
-1682679712
-1890299447
-1995969981
-2000356326
-1908133936
-1727212463
-1468032901
-1143001514
-766088116
-352576899
81075721
517346585
937798811
1323364751
1654826697
1913534932
2082365701
2146880404
2096604494
1926310046
1637160742
1237567603
743611452
178912675
-426128906
-1035747335
-1610836356
-2111482456
-2499838274
-2743120911
-2816486011
-2705517930
-2408089616
-1935381709
-1311911443
-574498041
229819800
1046805551
1818789907
2488907716
3005481102
3326194943
3421711998
3278407813
2899967207
2307669738
1539296702
646703858
-307781723
-1255881485
-2128459053
-2860789973
-3397586923
-3697371324
-3735830460
-3507875583
-3028221068
-2330422639
-1464438675
-492900137
513619749
1481961651
2341936361
3031639110
3502100687
3720909067
3674521611
3369095533
2829786521
2098590129
1230917577
291196775
-652135320
-1531842343
-2286883886
-2866808427
-3235213540
-3372028160
-3274473564
-2956672172
-2447983635
-1790248136
-1034198582
-235360559
550214259
1270036962
1878781319
2341138686
2633748296
2746109695
2680474056
2450796300
2080901468
1602074542
1050313257
463492744
-121323927
-670230667
-1154329805
-1551000990
-1844561635
-2026350814
-2094320136
-2052249549
-1908726330
-1676027664
-1369033501
-1004267742
-599131204
-171347182
261397751
681668744
1072427525
1417190088
1700276573
1907213901
2025322419
2044481120
1958026249
1763701543
1464547982
1069605255
594293446
60358763
-504701944
-1068778802
-1596834710
-2053065379
-2403402109
-2618175745
-2674723584
-2559703266
-2270882154
-1818197356
-1223930446
-521908252
244278521
1023960419
1762815188
2406795352
2906261879
3219991893
3318723150
3187919796
2829495562
2262307485
1521329511
655522627
-275471193
-1205581873
-2067194635
-2796286231
-3337405545
-3648092574
-3702367298
-3492989548
-3032287113
-2351463091
-1498418572
-534247545
471327003
1445219364
2316532718
3021954214
3510563259
3747670294
3717382811
3423699903
2890057074
2157370089
1280747482
325147951
-639658893
-1544418965
-2325581025
-2929938038
-3318368060
-3468400951
-3375439920
-3052578984
-2529074570
-1847635658
-1060787328
-226629159
595654147
1350165977
1988217286
2471506421
2774348374
2884830494
2804867374
2549218698
2143615500
1622204762
1024563846
392553996
-232726007
-813653678
-1318281849
-1721900628
-2007907526
-2167997674
-2201745248
-2115693332
-1922100956
-1637507294
-1281268147
-874197621
-437414191
8551472
444372955
852295835
1216315466
1522245456
1757762908
1912510441
1978313772
1949543450
1823612975
1601567918
1288687897
894998602
435579911
-69440940
-595301736
-1113480546
-1593045451
-2002436828
-2311586515
-2494227259
-2530207294
-2407599392
-2124390769
-1689555561
-1123350829
-456733347
270133101
1010230721
1712769576
2326792995
2805039377
3107754094
3206130096
3085069133
2744997882
2202540467
1489936737
653198095
-250901237
-1158797046
-2004783154
-2725979077
-3267223869
-3585496937
-3653495438
-3462058740
-3021218533
-2359762909
-1523322609
-571110301
