18097
15837
12386
8280
4057
176
-3039
-5436
-7029
-7971
-8495
-8847
-9220
-9703
-10250
-10686
-10735
-10079
-8431
-5608
-1595
3416
9025
14652
19608
23183
24757
23898
20445
14558
6724
-2288
-11510
-19893
-26441
-30342
-31086
-28531
-22939
-14941
-5463
4391
13484
20789
25524
27244
25891
21794
15610
8226
628
-6231
-11563
-14840
-15857
-14736
-11892
-7950
-3641
319
3331
5007
5212
4074
1948
-654
-3160
-5032
-5860
-5429
-3751
-1062
2222
5579
8462
10397
11055
10309
8250
5171
1517
-2191
-5436
-7797
-9008
-9001
-7906
-6030
-3790
-1641
14
890
881
75
-1254
-2698
-3790
-4091
-3278
-1218
1989
6007
10298
14191
16986
18066
16997
13620
8093
900
-7202
-15264
-22275
-27290
-29568
-28681
-24580
-17621
-8521
1718
11940
20979
27806
31662
32150
29281
23465
15446
6204
-3184
-11678
-18408
-22773
-24499
-23653
-20605
-15953
-10422
-4751
406
4569
7474
9087
9573
9240
8463
7599
6918
6557
6495
6571
6526
6064
4926
2960
163
-3290
-7058
-10681
-13640
-15450
-15737
-14313
-11219
-6737
-1365
4249
9396
13404
15746
16114
14477
11085
6442
1232
-3780
-7862
-10430
-11130
-9902
-6988
-2897
1669
5924
9119
10659
10204
7721
3503
-1867
-7601
-12819
-16673
-18485
-17843
-14675
-9264
-2220
5599
13205
19615
23981
25711
24548
20601
14330
6482
-2015
-10175
-17081
-22008
-24500
-24419
-21941
-17516
-11786
-5483
672
6066
10265
13050
14418
14546
13736
12336
10672
8981
7381
5859
4293
2501
303
-2417
-5655
-9257
-12912
-16185
-18577
-19598
-18860
-16155
-11516
-5239
2123
9820
16985
22752
26371
27319
25382
20695
13743
5303
-3649
-12063
-18953
-23529
-25298
-24132
-20278
-14325
-7115
376
7172
12436
15575
16322
14758
11290
6581
1438
-3305
-6919
-8883
-8959
-7216
-4015
56
4279
7923
10353
11130
10081
7313
3202
-1670
-6610
-10913
-13971
-15362
-14905
-12683
-9020
-4425
489
5099
8868
11412
12556
12333
10972
8835
6350
3926
1885
409
-485
-933
-1189
-1556
-2316
-3660
-5626
-8075
-10694
-13037
-14588
-14859
-13474
-10257
-5285
1087
8252
15409
21671
26173
28206
27322
23412
16744
7949
-2053
-12154
-21200
-28138
-32151
-32767
-29922
-23965
-15617
-5871
4136
13269
20540
25228
26962
25747
21952
16235
9439
2470
-3831
-8797
-12011
-13347
-12952
-11205
-8631
-5803
-3245
-1351
-324
-162
-674
-1528
-2329
-2696
-2346
-1147
849
3410
6163
8652
10428
11118
10504
8565
5490
1653
-2434
-6209
-9143
-10825
-11035
-9780
-7295
-4009
-478
2705
5010
6055
5676
3961
1235
-1981
-5056
-7350
-8322
-7627
-5185
-1208
3816
9186
14083
17691
19323
18534
15195
9534
2120
-6205
-14429
-21507
-26498
-28700
-27747
-23663
-16863
-8106
1608
11164
19479
25634
28993
29271
26559
21296
14199
6155
-1902
-9114
-14798
-18526
-20149
-19788
-17790
-14644
-10894
-7050
-3515
-537
1805
3584
4974
6191
7428
8789
10259
11687
12811
13301
12830
11145
8135
3877
-1340
-7039
-12599
-17339
-20612
-21906
-20927
-17660
-12388
-5667
1735
8937
15064
19367
21326
20730
17705
12702
6433
-231
-6380
-11195
-14068
-14684
-13064
-9558
-4788
444
5283
8947
10848
10677
8453
4517
-517
-5856
-10649
-14112
-15648
-14938
-11988
-7129
-975
5671
11928
16962
20104
20939
19361
15581
10089
3580
-3151
-9315
-14240
-17451
-18725
-18097
-15837
-12386
-8280
-4057
-176
3039
5436
7029
7971
8495
8847
9220
9703
10250
10686
10735
10079
8431
5608
1595
-3416
-9025
-14652
-19608
-23183
-24757
-23898
-20445
-14558
-6724
2288
11510
19893
26441
30342
31086
28531
22939
14941
5463
-4391
-13484
-20789
-25524
-27244
-25891
-21794
-15610
-8226
-628
6231
11563
14840
15857
14736
11892
7950
3641
-319
-3331
-5007
-5212
-4074
-1948
654
3160
5032
5860
5429
3751
1062
-2222
-5579
-8462
-10397
-11055
-10309
-8250
-5171
-1517
2191
5436
7797
9008
9001
7906
6030
3790
1641
-14
-890
-881
-75
1254
2698
3790
4091
3278
1218
-1989
-6007
-10298
-14191
-16986
-18066
-16997
-13620
-8093
-900
7202
15264
22275
27290
29568
28681
24580
17621
8521
-1718
-11940
-20979
-27806
-31662
-32150
-29281
-23465
-15446
-6204
3184
11678
18408
22773
24499
23653
20605
15953
10422
4751
-406
-4569
-7474
-9087
-9573
-9240
-8463
-7599
-6918
-6557
-6495
-6571
-6526
-6064
-4926
-2960
-163
3290
7058
10681
13640
15450
15737
14313
11219
6737
1365
-4249
-9396
-13404
-15746
-16114
-14477
-11085
-6442
-1232
3780
7862
10430
11130
9902
6988
2897
-1669
-5924
-9119
-10659
-10204
-7721
-3503
1867
7601
12819
16673
18485
17843
14675
9264
2220
-5599
-13205
-19615
-23981
-25711
-24548
-20601
-14330
-6482
2015
10175
17081
22008
24500
24419
21941
17516
11786
5483
-672
-6066
-10265
-13050
-14418
-14546
-13736
-12336
-10672
-8981
-7381
-5859
-4293
-2501
-303
2417
5655
9257
12912
16185
18577
19598
18860
16155
11516
5239
-2123
-9820
-16985
-22752
-26371
-27319
-25382
-20695
-13743
-5303
3649
12063
18953
23529
25298
24132
20278
14325
7115
-376
-7172
-12436
-15575
-16322
-14758
-11290
-6581
-1438
3305
6919
8883
8959
7216
4015
-56
-4279
-7923
-10353
-11130
-10081
-7313
-3202
1670
6610
10913
13971
15362
14905
12683
9020
4425
-489
-5099
-8868
-11412
-12556
-12333
-10972
-8835
-6350
-3926
-1885
-409
485
933
1189
1556
2316
3660
5626
8075
10694
13037
14588
14859
13474
10257
5285
-1087
-8252
-15409
-21671
-26173
-28206
-27322
-23412
-16744
-7949
2053
12154
21200
28138
32151
32767
29922
23965
15617
5871
-4136
-13269
-20540
-25228
-26962
-25747
-21952
-16235
-9439
-2470
3831
8797
12011
13347
12952
11205
8631
5803
3245
1351
324
162
674
1528
2329
2696
2346
1147
-849
-3410
-6163
-8652
-10428
-11118
-10504
-8565
-5490
-1653
2434
6209
9143
10825
11035
9780
7295
4009
478
-2705
-5010
-6055
-5676
-3961
-1235
1981
5056
7350
8322
7627
5185
1208
-3816
-9186
-14083
-17691
-19323
-18534
-15195
-9534
-2120
6205
14429
21507
26498
28700
27747
23663
16863
8106
-1608
-11164
-19479
-25634
-28993
-29271
-26559
-21296
-14199
-6155
1902
9114
14798
18526
20149
19788
17790
14644
10894
7050
3515
537
-1805
-3584
-4974
-6191
-7428
-8789
-10259
-11687
-12811
-13301
-12830
-11145
-8135
-3877
1340
7039
12599
17339
20612
21906
20927
17660
12388
5667
-1735
-8937
-15064
-19367
-21326
-20730
-17705
-12702
-6433
231
6380
11195
14068
14684
13064
9558
4788
-444
-5283
-8947
-10848
-10677
-8453
-4517
517
5856
10649
14112
15648
14938
11988
7129
975
-5671
-11928
-16962
-20104
-20939
-19361
-15581
-10089
-3580
3151
9315
14240
17451
18725
18097
15837
